-3.111839737442911424e+00
2.211059895994917923e-01
3.351443038613749259e+00
4.397609247508261987e+00
-8.017433511969087601e-01
1.166013490809570063e+00
-7.119102082519602526e+00
1.827389595371142317e+00
3.195693952881071276e+00
-6.498738607202667161e+00
1.551692577613061230e+00
7.765150732179793014e-01
-5.295224801880626053e+00
1.642456797892696052e+00
-6.647624539476987948e+00
-3.871865543787263775e+00
3.280742332321437527e+00
-5.566185471387127492e+00
-1.063713251684521133e+00
7.334667539411074522e+00
8.823726809679989236e-01
-7.500605559585156457e-02
-3.120980430313223586e+00
-3.771030288055666757e-01
-2.701378044353744290e+00
-1.210480231415330454e+00
1.618279733453675151e+00
9.970444245960357055e-01
-4.406911352605852317e-02
5.057867906993767981e+00
5.952326938731140160e+00
2.012354058527706879e+00
-1.659908764229875322e+00
-1.034336655300106989e+00
-3.028797905273624913e+00
-1.241701093676213619e+00
7.716352616740896231e+00
-3.117818266001162186e+00
-1.461910036173989402e+00
-3.882527474237650988e+00
4.164938063730478923e+00
-6.057095857722569754e+00
-1.404536013572165398e+00
1.603969316983586024e+00
-6.574066443405989224e-01
8.134083714634779971e-01
1.965049153740654475e+00
-2.311925143509085068e+00
-4.842298654612382514e+00
-6.625519439812567413e+00
-6.014697671134080492e-01
3.934595948822742884e+00
-2.496405153465502291e+00
-5.304605267582702233e+00
-3.362223107917806875e+00
3.287904699390464813e+00
1.369095540012541745e+00
1.173439616029292587e+00
8.324392025909279624e+00
-6.544074618768238594e+00
-1.023339436070938691e+00
3.150153081900846086e+00
3.290810739895195347e+00
3.183386123777926624e+00
3.933843478948719774e+00
-1.077759070166840916e+00
4.674422994299124667e+00
-2.364242614055577896e+00
1.030932953926931850e+00
4.026255582367933350e+00
1.211212450873202506e+00
6.044706120970736229e+00
-2.538118694868236602e+00
-5.023133691284659363e+00
-1.603323911261725077e-01
-3.431451125556082005e+00
-3.831182449407815493e+00
9.992853164895829643e-01
-3.247774962760643369e+00
-9.271982394149567597e+00
8.446968736085911367e-01
1.063780654303558837e+00
2.819151210593856760e+00
-5.869236389781425700e+00
5.089827777886093862e+00
5.392595183579254603e-02
-6.123260241528379888e-01
5.346407013951724352e+00
-1.838203967014561790e+00
-3.014028894121398849e+00
2.258437460346141901e+00
-6.864923357258014391e+00
3.800811488661889892e-01
1.986082076316942668e+00
-1.527878368576942147e+00
-1.802954540251234361e+00
1.282047745729290789e+01
3.340276244414935869e-01
-3.928855232516286655e+00
-1.312023873018080433e+00
3.211231215422973850e-01
-8.688698212597769643e-01
1.800046863545558207e+00
-3.808856567258046333e+00
-9.547274569612591577e+00
-3.477570601761851954e+00
-2.863979942073986429e+00
2.197774380418082707e+00
6.783712538865681596e-01
-6.805801180832578012e-01
8.027117048129793764e-01
9.661447271746273491e-02
-2.479021254230573401e+00
-3.178353423589090898e+00
-2.033116177662262380e+00
-1.838581340725576885e+00
-3.752214770832445367e+00
-8.623862224042310842e+00
2.463098284847232033e+00
6.982127223633233015e+00
-1.690341695573482683e+00
3.173371499386464123e+00
1.377100149511171212e+00
-1.469922952043825615e-02
-3.345914165573848464e+00
7.287523491438521184e+00
-2.988388808281470244e+00
-9.540510168505850208e-02
3.777603636139451049e-01
5.055690118595598470e+00
-6.203318537782374520e+00
4.182537490293265492e+00
2.294227913827236787e+00
2.296962811501202850e+00
2.326979454832038385e+00
1.873890515329133644e+00
-4.544136171475652852e-01
-1.559021789525101287e+00
-2.712310434003826654e+00
7.828944992546968074e+00
4.421084402599734453e+00
-1.189092687397984571e+00
2.583861617104867281e-01
-2.732987490177051004e+00
-2.045898759587190696e+00
4.809841630773751042e+00
-3.653201312315887073e+00
-2.558056582687726621e+00
-6.594951218584338193e+00
4.271879031415163341e-01
-4.897530416007208842e+00
-2.746309494310064103e+00
-5.203976663401508773e+00
-1.992999023877416676e+00
5.320529272621179473e+00
5.077085164414170571e+00
-1.172655550760153709e+00
-2.173274859332635423e+00
4.847298717877415730e-02
-8.757834733175702269e-01
-2.190019310382611106e+00
-2.128133334984192437e+00
-3.129301823242989222e+00
7.965283843052395341e+00
-2.479956664451898440e+00
-2.061763582837380593e+00
3.000921275001908750e+00
6.302687626767814244e+00
2.826528866897833669e+00
-1.897847614622661494e+00
-5.237624932374114195e+00
2.929878529058583592e+00
1.428022686207994330e+00
-4.809060442427828264e+00
-3.117923126031164394e+00
1.845934124022689415e+00
1.816173045818057386e+00
-4.861558131410168571e-01
5.593199102774204512e-01
2.651061371267245392e-01
9.907213510462003825e+00
1.946443946285579818e+00
3.843671612177373742e+00
-6.160292281914531154e-01
3.029547134756592541e+00
-1.647630126611112411e+00
6.599882476892746652e+00
-6.015650462449014135e+00
-7.487309963248945266e+00
3.826017285524957234e+00
-3.271540870085529185e-02
-1.582403094935835419e+00
-2.650321664303849190e+00
2.105576626735538692e+00
6.033843141527380105e+00
-4.212268065565753616e+00
2.508840256296399840e+00
8.232406881943830079e-01
1.595404378385881339e+00
-4.105319162231512387e+00
-5.731181972903123700e+00
-6.020165871156844872e+00
3.682723211113896333e+00
-4.861407558144824392e+00
-3.971458436895464184e-01
2.841088413634922372e+00
1.741123093514997056e+00
-2.575720119799977503e+00
4.469620516377210251e+00
-4.411643750297137956e+00
-2.764098078679761095e+00
8.952806247418583219e-01
-5.208339862844102441e+00
2.766092813264055206e+00
-3.109771503620525346e-01
-3.419981416261663743e+00
3.653482623737130286e+00
-5.199791109108028664e+00
-1.013855805040172031e+00
5.899919661470367949e+00
2.815266171617782476e+00
-3.765141457840305961e+00
-1.795704658227787132e+00
6.050052642056621965e-02
6.275819192093613275e+00
-6.925111648643442197e-02
2.184363120450511175e+00
3.558500553729398774e+00
-3.633668338643094131e+00
-3.732498888124112124e+00
-2.649225354446893110e+00
-4.189633465561368730e+00
1.072334838131591805e+00
2.390208125154858809e+00
2.762556988614411235e+00
2.084590151846455353e+00
-1.509829286552143213e+00
-2.105615256042514094e+00
1.786962792365130559e+00
2.848314187076964821e+00
-4.024304647545213776e+00
7.170775669923169282e+00
-2.907225616311571947e+00
-7.013402648058681965e-01
1.216885740591146847e+00
-9.219686712361985670e+00
2.977060126042571309e+00
5.106901989107956119e+00
1.654951366031230719e+00
-1.342229647501469447e+00
7.466961159842095963e-01
-2.552898883892991133e-01
5.737090563931320553e+00
7.668671096246797436e-01
-9.301324096975625011e+00
3.745732674361545445e-01
-7.458628236475354001e+00
-1.212006946076841229e+00
7.329488981419431948e-01
1.391340134302039733e+00
-9.773758929235009107e-01
-1.034137171165322044e+01
-9.353507604143668219e-01
3.357405756022072474e+00
-7.312238301426339238e-01
-1.031526292664443289e+00
5.036765269199299233e-01
6.124724143450093194e+00
2.734109752156480333e+00
3.804681626424007312e+00
1.777259329435419755e+00
-6.453801535433192349e-01
-4.966579264653389281e+00
-3.819084553151119277e+00
-1.493443039506042513e+00
3.980626705981360924e+00
-5.369475767353354412e-01
-1.540901700719190526e-01
-5.078127207188039449e+00
-4.106549918394557963e+00
6.971912933645035837e-01
4.230428091131058110e+00
1.873511020807004934e-01
9.496427537448082212e-02
-4.201049890900203643e+00
-7.924786410617842058e+00
-1.668988621836064445e-01
3.514830670645977762e+00
-1.513315389350033957e+00
3.180195065439967550e+00
-4.689223270491527984e+00
2.695557749652196744e+00
1.114443348177734627e+01
5.636561966016511604e+00
-2.760098072260988911e+00
7.425400157574923554e+00
-6.288181060222360230e+00
-6.531257045946212259e+00
8.783203313759644359e+00
-4.531601294156377691e+00
-5.303029254666405734e+00
-7.515684695755386002e+00
2.784427409817694099e-01
-2.735468472360128023e-01
-1.213996187487991901e-01
2.602054982483297252e+00
4.745136671702397280e+00
1.495771819180636841e+00
2.113398445861794706e+00
-7.373127813781220619e-01
-9.112323454494115627e-01
3.381580814865616791e+00
2.402190149163912825e+00
-4.651746636143066382e+00
2.235130281606855895e+00
2.530431679685773538e+00
1.864285553498264303e+00
-4.581298264881386473e+00
6.461298853991301883e+00
3.086704725379575409e-01
6.901865661173056665e-01
2.793663517959110165e-01
-3.024479251403803470e+00
6.185714873346261022e+00
-1.478496262864305244e+00
2.734101953770680105e+00
-1.937718507790943567e+00
2.298679908169278363e+00
1.779810601665031022e+00
-6.732872633827162723e-01
2.057111072521492723e+00
-3.194428917830167136e-01
-2.699809671518345944e+00
-9.639370484888223345e-01
4.308449464663808293e+00
-7.526201502442643410e+00
-6.120970315195191525e+00
-2.440198485764234704e+00
-7.125787989322713400e+00
-5.833553945842162136e+00
6.515081096962581420e+00
-3.068447350852923083e+00
-3.605714714857132908e+00
-1.725819141720878469e-01
-2.652142637920671842e+00
-6.324023164918618711e+00
-3.610070560297363951e+00
3.199690206868961884e+00
-1.771312863068115473e-01
-3.457401857712606996e-01
-5.171573360367319738e-01
5.126883139099465136e-01
-4.011872279737981550e+00
1.212139312446016914e+00
6.355896654685460057e-01
-1.201702978824514823e+00
1.226457352269660461e+00
9.935615476727553741e+00
4.651248705222528201e+00
1.500118450225221611e+00
1.394640494612636950e+00
-6.271975015285065069e+00
1.020944539826375452e+00
-1.157246937985024093e+00
-3.254480475873494871e+00
-2.727097335930230848e+00
1.563341776477718881e+00
-5.277952940134175819e+00
-7.921546650956881042e-01
3.198666680929119766e-01
6.797209201691909938e-03
-9.771932439897992317e-01
3.913944758929462919e-01
4.759582877486850272e+00
4.847256828392402461e+00
5.490788877292500203e+00
-1.812914163591938355e+00
4.795236703153848978e-02
1.278701971675170634e+00
5.711538527054714764e-01
-1.543027793660601166e+00
-4.133257756501724778e+00
-4.307455485482853064e+00
-6.199885389515143785e+00
-2.128899257341357654e+00
-8.935280726838629173e-01
3.136609049318414000e-01
-3.548051918818664774e+00
-5.305463130307354724e+00
5.372554458927488952e+00
5.465066553111105896e-02
-9.890498914846893586e-01
-7.675044765827371940e+00
-1.675002352124913330e+00
8.681377630114447408e-01
-5.795597073741093119e+00
6.361499246855567336e+00
-5.393671564259517659e+00
1.119192404264229390e+00
5.817875028012889693e+00
2.312772345394797480e+00
8.332717322325666753e-01
9.948345953270001374e+00
-2.874482783871355362e+00
7.233705220760493937e+00
5.493164532247265530e-01
7.766170319933156208e+00
-1.744433781724183730e+00
-3.121885892434849818e+00
3.551870486040608288e+00
9.534926925508691031e-01
-4.879123565633222803e+00
9.853458434480293349e-01
7.226946577139118588e+00
-7.078271581327471473e+00
-3.069187850280208796e+00
4.434392218157835686e+00
-3.284495197069559946e+00
7.525188313871345791e+00
3.976198416487592091e+00
-6.373639080724143646e+00
-3.545974728233128315e-01
5.779434783452909841e+00
-5.341024765943456210e+00
-3.609030311860373708e+00
-3.159975103297774979e+00
-5.660879571426247203e-01
-4.515001916498444956e+00
-4.275306404186126841e+00
7.624142568924293428e+00
3.471137497972569097e+00
3.168344631815950052e+00
2.710649471185619941e-01
1.581937461266237799e+00
2.366972224133223612e+00
-1.764899344031178874e-03
-2.472575704123082474e+00
-4.112327151069127495e+00
-5.749359019079937738e+00
3.382508336388873271e+00
-1.111840313009385017e+00
-2.414249189776380256e+00
-2.176138623437680941e+00
-3.695404920344986244e-01
-6.594682630549407065e+00
-3.967119580941145696e+00
-1.558758665580821878e+00
3.963507193067207446e+00
4.749181491235647812e+00
3.047080797012752473e+00
4.079490872624622178e+00
3.255931124029916024e-01
7.761578801389309668e+00
-1.593958202055305806e+00
3.793329902968994638e+00
7.321785235787295676e+00
2.713412861127746822e+00
1.608668053385196917e+00
-5.545335515098522627e+00
-2.855096920123822990e-01
2.295141887251446633e+00
-4.958335525237797192e+00
-4.563956516659490426e+00
-3.084402463303064668e+00
9.005210117479371945e-01
1.348740852875515150e+00
-8.621293927912541122e+00
-2.921713004322919360e+00
-2.286820611433254324e+00
2.332276605203691844e+00
7.811053056744877487e+00
-6.361165073159149586e+00
-9.836965722024204606e-01
-9.342050595884525688e-01
3.875466246349128507e+00
8.206475132383774351e+00
-4.875511690369989104e-01
-2.658732097289725260e+00
-5.644345927466127399e+00
-1.943518927254327178e+00
2.163740596894064616e+00
1.348564363396941301e+00
-3.973179254199178168e+00
-3.622598971493576236e+00
1.615668833879993604e+00
-5.069944862923922102e+00
3.851870583930944392e+00
-8.560899021762845562e-01
-3.952935666706379525e+00
-9.877015534951920639e-01
4.647085998429150600e+00
3.855702468419640816e+00
2.401536553703200294e+00
-5.947695106707111101e+00
-1.825599881498628285e+00
3.875674124222350247e+00
9.150420214388985674e-01
-4.069530938463457481e+00
1.213001394567852165e+00
1.959507635771394751e+00
6.636464610397437625e+00
-5.168519812437693872e+00
5.023707075981179493e+00
-7.222012926284879342e+00
-7.367067467914281131e+00
-2.412298378976742264e+00
6.124280094343875547e+00
-1.055128689765064687e+00
7.325315518271205306e+00
-8.776184382356789770e-01
1.833440124711789854e-01
1.418351881969341699e+00
5.999220209161152617e+00
-1.718170724393405679e+00
-1.066384929325049846e+01
7.921596283146842055e+00
-2.172571543098718916e+00
-8.141056417438520043e+00
-1.401661897381753619e+00
-4.490294959065685987e-01
-1.159655964161193875e+00
5.119525087434885435e+00
-5.456782028843514709e+00
2.586968916955889153e+00
5.274267208760344161e+00
4.342805651072293216e+00
-7.881625912977663795e+00
-6.278692014377067476e-01
1.488487879156514149e+00
-2.013643132558162296e+00
-3.390999281128181497e+00
3.926393800725575201e+00
5.056676415267149505e-01
2.921533708832766862e+00
-6.313560841467471541e+00
2.902020822311013326e+00
-6.363503635934901759e+00
-5.079459734321330799e+00
1.626509578497003172e+00
-7.073971765596449579e+00
7.653371989387001140e-01
-1.054004323220385508e+00
6.379456489804634645e-01
3.366591835337357619e+00
-2.829112436220324600e+00
-2.438419994918366029e+00
-2.591145581123591501e+00
-1.702551501458288374e+00
3.858306402288397274e-01
1.158511442086497034e+00
5.734797744760916638e-01
4.459627631724514263e-01
3.214408225074012027e+00
3.746197411458149329e+00
5.522922393648268979e+00
8.766850082197694682e-01
-1.496476513198165437e+00
1.557380739954709936e+00
7.416336627475962340e-01
1.445780475139498700e-01
3.127724375918459754e-01
-4.160621018808371652e+00
4.583578423822854297e+00
2.740722109876696067e+00
-1.151464046354260917e+00
2.194327412806416522e+00
5.270273529598564544e+00
-3.313861297797597860e-01
9.291516526394174580e-01
-5.741522889017195652e+00
-3.525559758992901749e+00
-2.396739299814305113e+00
-1.246366981523590045e+00
2.397184389678367111e+00
4.123395507627624745e+00
1.025663023083829906e+01
1.435518828053570228e+00
-1.170889883465806025e-01
8.772607003487570054e+00
2.776000139190660132e+00
-7.705504410670016568e-01
4.381188793149369543e-02
-3.492230525064738522e+00
4.405281378642038170e+00
-5.646463769667263044e+00
7.542568571197616478e+00
-4.007924870006212892e+00
8.126299176818676528e-01
5.380345076836504425e+00
-4.583265102377493960e+00
-7.655700362284021843e+00
2.645837880598190139e+00
-7.816009575071696247e-01
8.004540015420760213e-01
-3.446293961510731307e+00
4.763560074412241718e+00
-3.946158087198395670e+00
1.800588994355617034e+00
2.819049527241613617e+00
2.593006599168606652e+00
-2.026500789503742350e-01
3.142102764445695584e+00
1.511005057172929433e+00
-5.619382732527570257e-01
-5.453424369165037255e+00
4.209659998276185533e+00
7.259705989589475550e+00
-4.597241547882213730e+00
6.654229920599932235e+00
-1.161964735003116367e+00
1.290945425843361249e+00
6.155188060671725747e-01
2.373759430149767979e+00
-2.662844172235648177e+00
3.810481896621945364e+00
-1.630758430006888360e-01
-2.148103128223874947e+00
-3.187776650688249891e-01
-7.542725128456348571e+00
1.809120733689843830e+00
-1.267832980013494204e+00
-4.267005602618429982e+00
-4.036331429701648155e+00
-1.110058215278512561e+00
-4.412435057267553695e+00
5.376003110905206661e+00
1.295814878894493871e+00
5.479312927511671205e+00
1.468195058556908350e+00
-2.641631580486881736e-01
-2.203877345921858577e+00
-2.703012844343993581e+00
6.161402841191843116e+00
9.065147654043275161e-01
4.255081036945303374e+00
-9.267123018162317649e-01
1.572736972617370110e+00
-3.934086703490983883e+00
-2.240256197059625531e+00
1.846257622305020885e+00
7.631103223150291548e+00
-7.299007566841318351e+00
-4.460522026423544562e-01
-6.920104194081051041e+00
-8.048085115806156153e-01
1.803209097596090826e+00
-4.777256814455218326e+00
2.748595631844010345e+00
-1.863629896363275806e-01
2.775648466239738266e+00
-3.507201013805373968e+00
4.738805675236601900e+00
-4.500098596042276355e+00
-1.948060005003479755e+00
-2.781720387119265947e+00
6.355915103901611296e+00
-3.801274444414971310e+00
1.110737800727659375e+00
5.357030190735836417e-01
3.012612196961525601e+00
7.811230544806443632e+00
4.610698585695635288e+00
3.550687683329548650e-01
5.961542410422356220e+00
3.746756324420434936e+00
-2.614899427775533525e+00
3.752026530313611996e+00
-1.259332906013530984e+00
7.063212517933742163e+00
-4.534455660563987855e+00
9.355093102330969135e-01
1.226718546764497209e+00
9.941905741690936438e+00
-4.233500463823610005e+00
-4.235548766604325666e-01
2.181403100221587454e+00
2.678538360472553226e+00
4.877297483816206980e-01
-3.834284594428779336e+00
2.703373964026201115e+00
-5.864029046800155465e-01
-4.852024639825152086e+00
-2.694536483318092923e+00
-6.967042533443996710e+00
-4.574230282154526095e-01
-5.051162101489824252e+00
-1.492210204761588610e+00
-4.002240425739081786e+00
-4.751969848389845374e+00
-3.824772175635857696e-01
-2.180437082942150440e+00
4.842597793528636174e+00
-3.449323159371338932e+00
6.881365964709191374e+00
2.753781880894071055e+00
-1.123478515861914495e+00
8.503552903029020227e-01
1.583899342170179914e+00
-1.649465454610051296e+01
-1.293218642703893417e+00
-3.080879527813034646e-01
-5.911662479244010893e-01
5.359700403847990735e+00
-1.414621600100522958e+00
-1.265781963949337952e+00
-8.201409429157322961e+00
-2.597334854759913991e+00
-1.001137905956336338e+00
1.863632520535468684e+00
2.409808811512868409e+00
6.610049194911303161e+00
-1.581498850624253549e+00
-6.148885971185009680e-01
3.774666416141183589e+00
1.717373029449564825e+00
-6.178022343634826719e+00
-2.327604703521374940e+00
2.630396915887023734e+00
4.758646540471245245e+00
-6.275449999152013625e+00
4.870568882389906484e+00
-2.623749016248797319e-02
-4.454212259120680528e+00
5.256294325213193286e-01
-2.641316082929997755e+00
-9.191203915931044577e+00
-1.627719005349561376e+00
-5.986753851045298447e+00
1.990158157566093822e+00
1.790580799791147593e+00
-1.553168099450214168e+00
5.866634869754450143e+00
4.403945241418218970e+00
7.061580421805783381e+00
-1.179091732919191315e+01
3.819647784692673742e+00
-1.216803403388000415e+00
3.642249683925815162e+00
8.422015375223697475e+00
-6.483447093484872248e+00
-1.829130683150059555e+00
-5.389956888613735231e+00
2.313452015900729020e+00
-2.319152710408352469e+00
-1.274960644911414365e+00
-8.053048291600148900e+00
1.212303746217577194e+00
-5.118171007897471370e+00
2.873770089410607298e+00
-2.067443957143208610e+00
7.799060875123234871e-01
1.469956673204695141e+00
-4.360821441565731149e+00
-4.973054488451902899e-01
7.911210191446802042e+00
2.932306200845019806e+00
5.079372394169229032e+00
4.370109352368340971e+00
9.472050117538069358e+00
4.773997984552417861e+00
5.160710741334433749e+00
-8.396293868127960858e-01
6.718225389860551289e+00
3.091032302135890752e+00
3.331568788975337814e+00
-1.268737614952974102e+00
3.586276356484761063e-01
2.851776364159173127e+00
7.131841889489735076e-01
1.111556385918286149e-01
-6.630670219085933459e-01
-2.807686797779010313e+00
-3.760094705416973326e+00
1.424102701148975414e-01
6.564321961888405221e-01
-1.952786855799901300e+00
1.146037059423936988e+01
4.150138366885967600e-01
9.101725037454224676e+00
7.933879332400259443e+00
-2.295130236478537533e+00
8.927657375858775168e+00
-2.451992118306022483e+00
2.150564959543493360e-01
-1.038907615016393615e+00
-3.126525089459073037e+00
-1.871557555973628606e+00
-6.379837761510791516e+00
-4.116526953656404753e-02
-1.642101839342257064e+00
-3.131269544923833137e-01
-1.764742059755374681e+00
-5.838219013846085437e-02
-1.147877154653027976e+00
-1.454634577057420941e+00
-1.226580927212156391e+00
-2.622434148221389982e+00
-6.381504131667255386e+00
4.874356488249763864e+00
-1.331102821476297215e+00
2.853987959712824818e+00
9.519011905253399464e-01
8.931483528025097041e-01
-3.320076509279768384e+00
2.354391864103401177e-01
6.343112045950605626e+00
-4.328370410893495723e+00
4.528394663871334380e+00
-8.068910317738390292e-01
-5.123057706872486960e+00
-1.775013090935113169e+00
-8.261010066569971499e-01
9.914559681577206351e-01
2.691599039886555467e+00
-3.887395820021570358e+00
4.887639245844837887e+00
2.527076923746564674e+00
4.206553340845802680e+00
3.615066159696785908e-01
2.715631583784245962e-01
3.614275768703678615e+00
-2.447782547822714427e+00
-3.954183724962542890e+00
-2.627983100237530678e+00
-9.034409285329202399e-01
-3.121440450009172612e-02
2.617952783749597945e+00
-5.127177472065094221e+00
-1.734741728056472310e+00
-1.925662593767482278e+00
-3.243527022233082535e-01
-4.216198331380244468e+00
-5.611465162936872808e+00
-2.768260249892884883e-01
3.420716172577421776e+00
-3.320465555855631745e+00
3.041000833632604206e+00
-2.053834954428261916e+00
1.294966323933556707e+00
4.675970980635969276e+00
4.330781209719897440e+00
7.256548136276701477e+00
1.967476940192410817e-01
-5.685863707962423241e+00
-8.421382148226417286e-01
6.579845704116039862e+00
-8.272122512899628965e-01
3.422027883892054589e+00
2.455209061195716025e+00
1.374483421156585061e+00
2.035831502735503395e+00
-4.974300867784130276e+00
-1.123498696170205591e+00
1.300891446288438225e+00
-6.292116756490591101e+00
2.107048893000415202e+00
5.514011858053361692e+00
-9.174047402106605409e-01
1.432868595547003021e-01
2.736778149663979143e+00
2.401964587253461847e+00
-5.077102688480428228e+00
3.197661985894621139e+00
-4.003030547644920389e+00
1.565876391954659663e+00
9.481898317434787060e-01
4.089346645271266567e+00
2.369451967791965430e+00
-3.439295009517784774e+00
-4.955353844839664457e-01
-6.811675759771074645e+00
1.073470897356168186e+00
1.276366897374504372e+00
-2.346179647584454298e+00
-2.359026303424032189e+00
5.364477957661301311e+00
-3.972137443502905985e+00
1.735158138154288432e+00
7.166806949833568474e-01
3.699130872560579597e+00
-1.591613506262098410e+00
4.611145676888728673e+00
-4.956043343317881877e-01
-7.214805464709371563e+00
-2.700339147035307974e+00
3.227281280021605081e+00
-1.739843237988597080e+00
-1.684268355714737986e+00
-5.219658928588976288e+00
-2.109374804448838514e+00
3.916171560456813250e+00
-6.217166293721741788e+00
-6.055602044041657805e+00
-4.540447227580922118e-01
-2.430628582705073093e+00
-1.325824630247882885e+00
-1.660189632431072759e+00
4.087443007297005160e+00
1.049860257041180134e+00
5.300213815693156860e+00
1.297785572368403306e+00
-1.098471275126811797e+01
4.343876267763229215e+00
8.114689825912471122e-01
-3.041042425874509014e+00
4.710092040898844479e-01
-5.013949542931660730e+00
3.198164364530827086e+00
4.072625397165848149e+00
2.259302161132155540e+00
-3.625840514714806506e+00
-2.257582124776137178e+00
5.603701888477498727e+00
1.847249010654093526e+00
-3.287428564931055952e+00
5.240602887826820933e+00
5.667286086324737404e+00
6.468149299824377252e-01
4.615378424431775706e+00
4.904974461879501035e+00
-4.697314869483702360e+00
-3.117439662808301648e+00
-1.580394467581033302e+00
5.310531888203487982e-01
-1.091228678216986936e-01
-4.413349236706913814e+00
-1.610116086294290372e-01
-4.643083394625836746e+00
5.967418740440705527e+00
1.085513426568189832e+00
-1.213119382159771886e+00
4.021003931256480257e+00
1.641329423532651655e+00
-7.021545426679637325e-02
-9.054510760137566283e-01
5.117732271204712191e+00
8.176804765013047316e+00
-4.496824932666379837e+00
1.017573061290188097e+00
2.936508270922066899e+00
1.896207432992811803e+00
3.510023586760353531e+00
-2.345240884811509829e+00
3.537041278396590438e-01
1.675925702019818608e+00
-1.141039603064995633e+00
5.087153443736227576e-01
5.311530984661700927e+00
-2.247974621480411273e+00
4.037512977461518160e-01
1.218185918036301718e+00
9.191373475219453582e+00
-5.085966054060055086e+00
2.857702384150445418e+00
-1.183630219657111127e+00
-1.736605616347908221e+00
1.360405114130803117e+00
8.241392968037517530e-01
2.880211149363065992e+00
5.033177306313135979e+00
-5.272975764949332067e+00
6.484705747485526306e-01
1.910444274650945129e+00
-4.514901008409794692e+00
-3.116141582400103194e-01
2.728039237958022056e+00
2.604032733241814057e+00
-4.306960728460828003e-01
-2.283201391108999889e+00
-1.819144771966548557e+00
-2.863860283214152425e-01
7.099093201924469909e+00
-2.956398618766465258e+00
1.242162824204469329e+00
-9.472977158142166232e-01
-1.313088135026277081e+00
6.367951549425275637e+00
1.760256200046892872e+00
2.666308035001639376e-01
-2.841802878294560575e+00
-4.034559899134720240e+00
4.080923165025733823e+00
5.166703731136492728e+00
2.021900391906779948e+00
-3.830327078077840675e+00
5.361304964079722346e+00
1.203599051211507787e+00
-2.345968250822104917e+00
-4.563149135581304527e+00
1.153227942560486746e-01
-5.222496994102096224e+00
-3.569865290586124562e+00
-6.257668766860832177e-01
3.183690897919454255e+00
-2.022203203823444539e+00
-2.126743578167642479e+00
-2.874035826979860264e+00
2.762977138281176526e+00
1.088974579929934450e+01
2.806528988746623376e+00
-3.480433653030633678e+00
4.354435477092224005e+00
8.322475107848674725e+00
-3.913074270530179977e+00
-4.155200873109174076e+00
4.482910949007205659e+00
2.622656622756880829e+00
-2.248951925421271536e+00
-2.043326411929426545e+00
8.372374098065421322e+00
-1.053672889838366544e-01
4.202932823407187435e+00
-4.871045831107611690e+00
7.963684711303070651e-02
1.824482686609280258e+00
4.240715165208205906e-01
-7.801025088815289443e+00
4.817811888771130202e-01
2.679392316254792128e+00
-4.282543811354841523e+00
4.986114252346726339e+00
-1.487856213448206510e+00
-1.006221127208607236e+01
1.557908479452812855e+00
